book_id,chap_id,T00,T01,T02,T03,T04,T05,T06,T07,T08,T09,T10,T11,T12,T13,T14,T15,T16,T17,T18,T19
144,1,5.482456177328246e-05,5.4824562777102706e-05,5.482456223731943e-05,5.482456218641117e-05,5.482456192151455e-05,5.4824561920969854e-05,5.482456281000149e-05,5.482456229483701e-05,5.482456279033335e-05,5.4824562562585534e-05,5.4824562418853096e-05,5.482456226824908e-05,5.482456247429327e-05,5.482456238610893e-05,5.482456255834008e-05,5.482456213440157e-05,0.004222928272065501,5.48245624705744e-05,0.9947902296051923,5.482456275701675e-05
144,2,5.428881682962625e-05,5.4288817678897755e-05,5.4288817294622244e-05,5.428881719603538e-05,5.428881714161821e-05,5.4288817199051165e-05,5.428881750061233e-05,5.428881697176331e-05,0.08572051841683757,5.428881763858563e-05,5.42888173788291e-05,5.428881732501884e-05,5.428881768849515e-05,5.4288817600907515e-05,5.428881714080369e-05,5.428881737656152e-05,0.12728777193379592,5.4288817286814186e-05,0.7860687997545867,5.42888175315814e-05
144,3,5.875440698222624e-05,5.875440760104767e-05,5.875440771129024e-05,5.87544072502449e-05,5.8754407149973025e-05,5.875440717100126e-05,5.8754407716496144e-05,5.87544074189367e-05,5.875440788056445e-05,5.8754407799433294e-05,5.875440765412838e-05,5.875440748965083e-05,5.875440779227583e-05,5.875440761494565e-05,5.875440756591545e-05,5.875440764627022e-05,5.875440787505752e-05,5.875440786502289e-05,0.9988836662561187,5.8754407696755716e-05
144,4,5.7803468532990666e-05,5.780346946808033e-05,5.7803469118000334e-05,5.7803468881569613e-05,5.780346930455814e-05,5.7803468853167054e-05,5.780346928783623e-05,5.780346895741532e-05,5.780346964100703e-05,5.78034691923949e-05,5.780346926786818e-05,5.780346909195727e-05,5.780346934695143e-05,5.780346921031173e-05,5.7803468993963804e-05,5.780346887945472e-05,0.023337930746472512,5.7803469229494285e-05,0.9756216068089067,5.780346936373506e-05
144,5,0.00010245901692366613,0.00010245901884777419,0.00010245901821346126,0.00010245901800714766,0.00010245901889082612,0.00010245901733494373,0.00010245901874051701,0.00010245901765792985,0.00010245901845376661,0.0001024590184040416,0.00010245901817419005,0.19745629492335706,0.00010245901882883324,0.00010245901850631103,0.00010245901843013974,0.00010245901769509057,0.00010245901883637306,0.00010245901848661059,0.8006994427475251,0.00010245901868620923
144,6,9.433962303247184e-05,9.433962546044775e-05,9.433962408557118e-05,9.433962437445347e-05,9.433962437938529e-05,9.433962367061036e-05,9.433962491190973e-05,9.433962453527122e-05,0.09692890051035774,9.433962509197356e-05,9.433962417078791e-05,9.433962402383691e-05,9.433962409395656e-05,9.433962435814366e-05,9.433962432954492e-05,9.433962362953406e-05,0.20059902355031395,9.433962444536107e-05,0.7008683023268729,9.433962386198515e-05
144,7,9.523809594626117e-05,9.52380974066594e-05,9.523809706786939e-05,9.523809637512386e-05,9.52380968409938e-05,9.523809602597443e-05,9.52380975038861e-05,9.52380975943667e-05,9.523809733974327e-05,0.0267015297980505,9.523809843815831e-05,9.523809629324379e-05,9.523809750803496e-05,9.523809784828522e-05,9.523809698006729e-05,9.523809728118744e-05,0.15066672588874855,9.523809663730219e-05,0.8210126966626085,9.523809750529335e-05
144,8,9.633911430041939e-05,9.633911569988573e-05,9.63391152470986e-05,9.63391153419525e-05,9.633911483726275e-05,9.633911471212107e-05,9.633911587017972e-05,9.63391157443612e-05,9.633911576590648e-05,9.633911617730381e-05,9.633911564178589e-05,9.63391154336327e-05,9.633911617442468e-05,9.633911535687817e-05,9.633911584435066e-05,9.633911533083916e-05,9.633911581918238e-05,9.633911588185319e-05,0.998169556805249,9.63391155717209e-05
144,9,4.3440486946961985e-05,4.344048725816902e-05,4.344048723673511e-05,4.344048713727263e-05,4.3440487408233604e-05,4.344048698710485e-05,4.3440487405701795e-05,4.344048710169543e-05,4.34404874223217e-05,4.344048746375707e-05,4.344048729221321e-05,4.3440487218285076e-05,4.3440487462483286e-05,4.344048730612727e-05,4.344048717999084e-05,4.3440487172378757e-05,4.344048786818356e-05,4.3440487381637325e-05,0.9991746307413165,4.344048743416285e-05
144,10,6.410256435177053e-05,6.410256550151304e-05,6.410256526197463e-05,6.410256503233234e-05,6.410256490104023e-05,6.410256482490812e-05,6.410256597871484e-05,6.410256535830527e-05,6.410256558221189e-05,6.410256564991164e-05,6.410256547332228e-05,6.410256522067437e-05,6.410256548484912e-05,6.410256508046115e-05,6.410256540274855e-05,6.410256503993615e-05,0.20166154304899198,6.410256531742597e-05,0.7971846107758707,6.41025656752203e-05
144,11,6.501950611196002e-05,6.50195072513712e-05,6.501950697902123e-05,6.5019506534521e-05,6.501950642210992e-05,6.50195063039523e-05,6.501950697413137e-05,6.501950710307813e-05,6.501950732259898e-05,6.501950707719303e-05,6.501950688205052e-05,6.501950670163469e-05,6.501950734801303e-05,6.501950709653047e-05,6.501950676182065e-05,6.501950665228041e-05,0.09452186626419075,6.501950679495009e-05,0.9043077826121861,6.501950730593543e-05
144,12,4.1528239422854216e-05,4.152823996595077e-05,4.152823994259317e-05,4.152823978287284e-05,4.152823969764637e-05,4.1528239656455996e-05,4.152823995052654e-05,4.1528239763427793e-05,4.152824014456199e-05,4.15282400363864e-05,4.152824005505879e-05,4.15282399599437e-05,4.152823992321157e-05,4.15282399679638e-05,4.152824009984976e-05,4.152823964604989e-05,4.152824027172053e-05,4.15282401269375e-05,0.9992109634415711,4.152824001493792e-05
144,13,0.00012658227886886417,0.00012658228124276898,0.0001265822804890637,0.00012658228013259575,0.00012658228106820577,0.0001265822798040409,0.0001265822808420381,0.00012658228055189153,0.9975949366606672,0.0001265822810440122,0.0001265822805609734,0.00012658228051134405,0.0001265822813461341,0.00012658228057152557,0.00012658228032342317,0.000126582280131952,0.000126582281243549,0.00012658228045042772,0.00012658228910749785,0.00012658228104242894
144,14,4.77554922517085e-05,4.775549275463433e-05,4.775549279854818e-05,4.775549263425739e-05,4.775549295171782e-05,4.7755492482887234e-05,4.7755492955152846e-05,4.7755492659999757e-05,4.7755493604109625e-05,4.775549287795997e-05,4.775549303858291e-05,4.775549275495154e-05,4.775549273073939e-05,4.7755492775990314e-05,4.775549279202185e-05,4.7755492462510386e-05,0.06102508452533004,4.775549335202002e-05,0.9381153166040797,4.7755492712449006e-05
144,15,5.701254306239624e-05,5.7012543650875994e-05,5.701254359197356e-05,5.701254342977463e-05,5.701254338048824e-05,5.701254334022316e-05,5.7012543686554086e-05,5.7012543389826607e-05,5.7012544049740706e-05,5.7012543832416175e-05,5.7012543681118005e-05,5.701254373485539e-05,5.7012543826910305e-05,5.701254379751579e-05,5.7012543510846574e-05,5.70125436578126e-05,0.03606484395927165,5.701254371118353e-05,0.962908930255632,5.70125437618775e-05
144,16,5.2137643707203106e-05,5.2137644274349114e-05,5.2137644274768415e-05,5.213764402454609e-05,5.2137644219126665e-05,5.2137643886658495e-05,5.2137644525871e-05,5.213764414133844e-05,5.2137644627245286e-05,5.213764450055096e-05,5.2137644306215374e-05,5.213764425857556e-05,5.213764442803216e-05,5.213764427096001e-05,5.2137644244377415e-05,5.2137644285865916e-05,0.2614645088107292,5.213764453405607e-05,0.7375970135921404,5.2137644620692056e-05
144,17,3.9184953156124615e-05,3.918495369985121e-05,3.918495354251362e-05,3.9184953519526706e-05,3.918495346044465e-05,3.91849534240256e-05,3.91849537320649e-05,3.9184953414215066e-05,3.918495389414127e-05,3.918495356866133e-05,3.918495367062912e-05,3.918495361980607e-05,3.918495368055224e-05,3.918495365686721e-05,3.9184953533442644e-05,3.918495351928718e-05,0.1308387668370637,3.918495361623829e-05,0.8684559039984948,3.918495373311397e-05
144,18,0.00019455253060513222,0.00019455253356855082,0.0001945525324694969,0.00019455253103207957,0.00019455253248111887,0.0001945525302446272,0.00019455253240201548,0.00019455253181591717,0.00019455253447735372,0.000194552532397265,0.00019455253322708197,0.00019455253173480006,0.00019455253286333025,0.0001945525325442759,0.0001945525310456772,0.00019455253219697628,0.33548198283413344,0.00019455253205598587,0.6610160715852887,0.00019455253341602057
144,19,4.194630903438553e-05,4.194630988416826e-05,4.194630948703248e-05,4.194630925913531e-05,4.194630944982656e-05,4.1946309400380073e-05,4.194630959183135e-05,4.1946309442264375e-05,4.1946309662999806e-05,4.194630976486926e-05,4.194630948032455e-05,4.194630955111126e-05,4.1946309511239264e-05,4.194630951542804e-05,4.194630970985649e-05,4.194630926310869e-05,0.12243722495598666,4.1946309716060295e-05,0.8768077414728508,4.1946309438677706e-05
144,20,6.353240186402665e-05,0.25838931792364284,6.353240246571e-05,6.353240237409974e-05,6.353240281617377e-05,6.353240200976955e-05,6.35324028260709e-05,6.353240243813455e-05,0.4394939803043739,6.353240321442428e-05,6.353240301123825e-05,6.353240244543426e-05,6.353240277969679e-05,6.35324026807686e-05,6.353240297954994e-05,6.353240280953575e-05,6.353240305790891e-05,6.353240277343025e-05,0.3010366509265554,6.353240288180375e-05
144,21,6.361323179856605e-05,0.9987913485862581,6.361323225105674e-05,6.36132321238037e-05,6.361323222654178e-05,6.361323206797233e-05,6.36132324174843e-05,6.361323221015136e-05,6.361323246517664e-05,6.36132323565562e-05,6.361323233968783e-05,6.361323230441701e-05,6.36132323975104e-05,6.36132324248398e-05,6.361323233829062e-05,6.361323205786805e-05,6.361323268734621e-05,6.361323238383539e-05,6.361323261626966e-05,6.36132322745421e-05
144,22,6.0975609948015406e-05,6.0975610941456176e-05,6.0975610661778426e-05,6.0975610769561505e-05,6.097561094044503e-05,6.097561035849096e-05,6.0975610915108775e-05,6.0975610528873474e-05,0.03231218191402144,6.097561080576957e-05,6.097561086558471e-05,6.0975610613656024e-05,6.0975610737056094e-05,6.097561093690159e-05,6.097561067999595e-05,6.0975610364032724e-05,0.2658860432003494,6.097561061727051e-05,0.7007651895037451,6.0975611200113346e-05
144,23,0.00010460251106193974,0.00010460251237856137,0.00010460251215810197,0.00010460251175119457,0.000104602514599199,0.00010460251202263544,0.00010460251224377128,0.00010460251200965674,0.00010460251304517524,0.00010460251256268847,0.00010460251241472327,0.00010460251178479385,0.00010460251229500741,0.00010460251218294941,0.00010460251203790856,0.00010460251135724607,0.23598941134248855,0.00010460251247849509,0.7621277434371085,0.00010460251201874339
144,24,7.299270132429846e-05,7.29927021698672e-05,7.29927019087697e-05,7.299270169984086e-05,0.010255179754617177,7.29927015576662e-05,7.299270238532252e-05,7.299270172081947e-05,7.299270246254847e-05,7.299270211859966e-05,7.299270199165779e-05,7.29927022790228e-05,7.29927020996122e-05,7.299270209481513e-05,7.299270215847371e-05,7.299270157758419e-05,0.04509710617201181,7.299270226734921e-05,0.9434068381395356,7.299270201916317e-05
144,25,2.805836154696782e-05,2.8058361994741042e-05,2.8058361890589068e-05,2.8058361819025104e-05,0.18586640371946672,2.805836166583389e-05,2.80583619281112e-05,2.8058361807412384e-05,2.8058362039751597e-05,2.8058362019837398e-05,2.8058361889951675e-05,2.8058361831237174e-05,2.805836192570875e-05,2.8058361921820653e-05,2.8058361943135437e-05,2.8058362364687696e-05,0.2728351151886626,2.8058361874015957e-05,0.540821488939547,2.8058361861045853e-05
144,26,7.24637684971707e-05,7.246376955547983e-05,7.246376936871094e-05,7.246376916622194e-05,7.246377088430415e-05,7.246376873850237e-05,7.246376957767696e-05,7.246376917504882e-05,7.246376994247265e-05,7.246376953035601e-05,7.246376940210773e-05,7.246376917166003e-05,7.246376953227278e-05,7.246376950213177e-05,7.246376955817646e-05,7.246376910609874e-05,0.21865849956198732,7.246376951859633e-05,0.780037152588589,7.246376919683467e-05
144,27,0.00010416666719178937,0.00010416666947684648,0.00010416666812986009,0.00010416666798167589,0.00010416666910767598,0.00010416666758297419,0.6452825278921015,0.00010416666754122968,0.0001041666690896227,0.00010416666793357956,0.00010416666867304492,0.00010416666868194604,0.00010416666879558847,0.00010416666858362125,0.0001041666680663457,0.00010416666794715611,0.054780321392033204,0.00010416666802792206,0.2981663173542286,0.00010416666882559553
805,1,3.109452754257015e-05,3.109452790519074e-05,3.1094528069449073e-05,3.1094527915092044e-05,3.109452765179078e-05,3.109452791667721e-05,3.109452796874152e-05,3.109452881847354e-05,3.109452794783745e-05,3.109452815783204e-05,3.109452800934193e-05,3.109452795804142e-05,3.10945280687334e-05,3.10945280416613e-05,3.109453022275198e-05,3.1094527688835666e-05,3.109452805079511e-05,3.109452810710319e-05,0.9994092039660952,3.1094527863946975e-05
805,2,6.693440487046148e-05,6.693440520134933e-05,6.693440562067846e-05,6.693440552704194e-05,6.693440518154417e-05,6.693440508932052e-05,6.693440586431701e-05,6.693440510493237e-05,6.693440546446137e-05,6.693440566833098e-05,0.170907430197737,6.69344057346939e-05,6.693440555313236e-05,0.026879374122003797,6.693440579858556e-05,6.693440549873193e-05,6.693440571369987e-05,6.693440573104733e-05,0.8010753107868324,6.693440580453022e-05
805,3,2.6123302160250214e-05,2.6123302365252103e-05,2.6123302596565542e-05,2.612330243939172e-05,2.6123302706784888e-05,2.612330233582116e-05,2.612330248818261e-05,2.612330239816268e-05,2.6123302508041583e-05,2.612330264589021e-05,0.019473379543804303,2.612330257749374e-05,2.612330248310024e-05,2.6123302561957385e-05,2.6123302572043792e-05,2.6123302482458667e-05,2.6123302533843375e-05,2.612330261432678e-05,0.9800564010112112,2.612330251490618e-05
805,4,3.516174419798437e-05,3.5161744677265745e-05,3.516174475841986e-05,3.5161744571625056e-05,3.5161744438496075e-05,3.516174446261662e-05,3.516174473973779e-05,3.516174447400361e-05,3.516174469937408e-05,3.516174491854536e-05,3.516174489964132e-05,3.5161744845125225e-05,3.5161744588804714e-05,3.516174474581735e-05,0.0036967734969072788,3.516174460989104e-05,3.5161744805968546e-05,0.01356313521373245,0.9821423416302603,3.5161744666752535e-05
805,5,2.665245218235957e-05,2.6652452416139045e-05,2.6652452572807296e-05,2.6652452421710306e-05,2.6652452277116707e-05,2.665245243796839e-05,2.6652452549061063e-05,2.6652452410290367e-05,2.6652452560062723e-05,2.665245261028874e-05,0.012001253844949529,2.665245249524562e-05,2.6652452493963717e-05,2.6652452614080447e-05,2.6652452432246583e-05,2.6652452588767528e-05,2.6652452821851916e-05,2.665245261837401e-05,0.9875190020100882,2.665245245997807e-05
805,6,6.738544502413754e-05,6.738544571290118e-05,6.738544628267705e-05,6.738544590591863e-05,6.738544578857515e-05,6.73854454505321e-05,6.738544586205635e-05,6.738544573133385e-05,6.738544609033944e-05,6.738544634664865e-05,6.738544613987464e-05,6.738544610438881e-05,6.738544591748586e-05,6.738544637231208e-05,6.73854461378052e-05,6.738544532840557e-05,6.738544611498277e-05,0.016795514986190703,0.9819915469878256,6.738544567324097e-05
805,7,0.00011494252974001196,0.00011494253084803812,0.00011494253092236259,0.00011494253018006577,0.00011494253042066987,0.00011494253065590924,0.00011494253119038852,0.00011494253006012402,0.00011494253076398814,0.00011494253090526147,0.00011494253120229488,0.00011494253104245968,0.00011494253068041655,0.00011494253135697745,0.00011494253102549102,0.00011494252997224301,0.00011494253129299373,0.00011494253166282207,0.9978160919152345,0.0001149425308429966
805,8,4.5004500774673077e-05,4.500450110887057e-05,4.5004501515930176e-05,4.500450111307454e-05,4.500450137712633e-05,4.500450110041744e-05,4.5004501336032406e-05,4.5004501134020536e-05,4.50045014057023e-05,0.06202199181936102,4.5004501599326803e-05,4.500450145891086e-05,4.500450118835184e-05,4.500450138046934e-05,4.500450139418018e-05,4.500450087184001e-05,4.5004501543358146e-05,4.500450159255394e-05,0.9371679271574317,4.5004501312475755e-05
805,9,4.739336519987332e-05,4.7393366006683435e-05,0.014417324028875822,4.73933656816119e-05,4.7393365543893635e-05,4.73933654955067e-05,4.7393366088430056e-05,4.739336561959153e-05,4.7393365811914924e-05,4.7393365996132576e-05,0.1529587290717906,4.739336590745414e-05,4.739336600119667e-05,4.7393365970182875e-05,0.007948669409522702,4.739336607632437e-05,4.739336616222402e-05,4.739336618592713e-05,0.8239169836360447,4.7393366019330986e-05
805,10,9.14076787031951e-05,9.140767989617124e-05,9.140768049965806e-05,9.140767998851158e-05,9.140767999753403e-05,9.140767973551028e-05,9.140768021751419e-05,9.14076802639406e-05,9.140767998742455e-05,9.140768082754574e-05,9.14076809651448e-05,9.140768049929313e-05,9.140767980657368e-05,9.140768075224093e-05,0.01220520595544581,9.14076798910666e-05,9.140768047296472e-05,9.140768062709146e-05,0.9861494558015071,9.140767991559776e-05
805,11,3.1766200912257704e-05,3.176620133474056e-05,3.176620141453452e-05,3.1766201324471377e-05,3.1766201203960143e-05,3.1766201130473666e-05,3.1766201457289145e-05,3.1766201309684824e-05,3.1766201401292474e-05,3.176620145340661e-05,3.176620141434265e-05,3.176620133328104e-05,3.1766201329666955e-05,3.176620145842815e-05,3.176620145076697e-05,3.17662010642717e-05,3.176620157105432e-05,3.176620154284978e-05,0.9993964421745897,3.176620130349165e-05
1245,1,6.535947755084153e-05,6.535947820291583e-05,6.535947808220257e-05,6.535947840553828e-05,6.535947779948804e-05,6.535947778906102e-05,6.535947835238594e-05,6.53594778963284e-05,6.535947878716631e-05,6.535947808047321e-05,6.535947812857855e-05,6.535947835635843e-05,6.535947846688495e-05,6.535947842818716e-05,6.53594791167187e-05,6.535947773611459e-05,0.3791919542089627,6.5359478227745e-05,0.6196315751833291,6.535947830135596e-05
1245,2,6.729475153323806e-05,6.729475190997326e-05,6.729475236049026e-05,6.729475222847433e-05,6.729475214651835e-05,6.729475192158923e-05,6.729475226787664e-05,6.7294751793317e-05,6.72947525642442e-05,6.729475205334425e-05,6.72947521871964e-05,6.729475213752596e-05,0.40371328697042813,6.72947524311273e-05,6.729475198168203e-05,6.729475169364046e-05,0.5950754074914701,6.729475225396619e-05,6.729475262812455e-05,6.729475200953987e-05
1245,3,7.751938037378132e-05,7.751938066294736e-05,7.751938113162993e-05,7.751938080411208e-05,7.751938053908629e-05,7.751938070347645e-05,7.751938098025697e-05,7.751938050652443e-05,0.9985271317623544,7.751938115152e-05,7.751938098846972e-05,7.751938089942934e-05,7.751938112928162e-05,7.75193811351301e-05,7.751938061444586e-05,7.751938087761059e-05,7.751938146345537e-05,7.75193811615337e-05,7.751938144144443e-05,7.751938108128044e-05
1245,4,5.8616647372745216e-05,5.861664811252143e-05,5.8616648038643034e-05,5.861664810816936e-05,5.861664809464936e-05,5.8616647839392526e-05,5.861664830073763e-05,5.861664780877074e-05,5.8616648399900906e-05,5.861664820482917e-05,5.8616648173766006e-05,5.861664811622506e-05,5.8616648219353366e-05,5.861664824042126e-05,5.861664819423607e-05,5.8616647636821026e-05,0.5981991567227494,5.861664830255138e-05,0.4007457436115901,5.861664849683417e-05
1245,5,7.668711684018621e-05,7.668711817180063e-05,7.668711791972048e-05,7.66871178848661e-05,7.668711725764118e-05,7.66871173897872e-05,7.668711814318669e-05,7.668711758534884e-05,0.021939780397398034,7.668711813369334e-05,7.668711804269639e-05,7.668711790374787e-05,7.66871178339258e-05,7.668711783058564e-05,7.668711780653514e-05,7.668711803548488e-05,0.44238184826090104,7.668711786049429e-05,0.5343746903390484,7.668711801290878e-05
1245,6,4.642525558902183e-05,4.642525623477254e-05,4.6425256204104824e-05,4.642525598144632e-05,4.642525594985418e-05,4.642525589767263e-05,4.642525637839619e-05,4.6425258878338386e-05,4.642525627535296e-05,4.64252564269313e-05,4.6425256280723e-05,4.6425256195665e-05,4.6425256307039927e-05,4.642525621144205e-05,4.642525831458924e-05,4.6425256468154883e-05,0.6897316226935135,4.642525643377893e-05,0.3094327226900538,4.6425256405507574e-05
1245,7,0.00011160714358579685,0.000111607144253848,0.00011160714494207096,0.00011160714429685968,0.00011160714465254797,0.00011160714397841897,0.00011160714487616954,0.0001116071440165653,0.9978794642523068,0.00011160714497864102,0.0001116071448924144,0.00011160714454125065,0.00011160714500494864,0.00011160714487116349,0.00011160714430040972,0.0001116071440243738,0.00011160714516010269,0.00011160714512710256,0.0001116071455185817,0.00011160714467192395
1245,8,0.0001265822789254166,0.0001265822805660558,0.0001265822803943741,0.0001265822801797826,0.00012658227996351545,0.00012658227979723928,0.0001265822811725246,0.0001265822799498798,0.6555585934958845,0.00012658228037483126,0.0001265822806770605,0.0001265822803711336,0.00012658228068771287,0.00012658228108153584,0.00012658228037598578,0.00012658227970867698,0.11017113664024486,0.00012658228041409754,0.23211837109846534,0.0001265822807653371
1245,9,7.06214693845396e-05,7.062147002630711e-05,7.062147021794379e-05,7.062146986659222e-05,7.062146993400496e-05,7.062146984890865e-05,7.062147028853942e-05,7.062146976937191e-05,0.09296221525795079,7.062147146672857e-05,7.062147032023301e-05,7.06214700185669e-05,7.062147029767358e-05,7.062147041649616e-05,7.062147140917737e-05,7.062147024431933e-05,0.4255330331979117,7.062147044060409e-05,0.4803041865498627,7.062147032477427e-05
1245,10,9.259259301963383e-05,9.259259384185851e-05,9.259259421257202e-05,9.25925939040916e-05,9.259259337950022e-05,9.259259370094816e-05,9.259259401379248e-05,9.259259376959158e-05,9.259259433863722e-05,9.259259413274947e-05,9.259259431764784e-05,9.259259397582618e-05,9.259259398768247e-05,9.259259438664504e-05,9.259259394375468e-05,9.259259376033479e-05,0.9982407407130351,9.259259400430707e-05,9.25925962748922e-05,9.259259400015828e-05
1245,11,0.00010373444043978587,0.0001037344415760248,0.0001037344416961393,0.00010373444086896501,0.00010373444076668451,0.00010373444144285031,0.0001037344417195517,0.00010373444161170656,0.00010373444244427208,0.00010373444157292332,0.00010373444146116669,0.00010373444160649315,0.00010373444187927375,0.00010373444219662172,0.00010373444247120127,0.00010373444088824931,0.7135233993977347,0.00010373444184173886,0.28460938065378455,0.00010373444199709822
1245,12,6.468305341405466e-05,6.468305407866246e-05,6.468305416088649e-05,6.468305425626667e-05,6.468305423098437e-05,6.46830537744747e-05,6.468305417409833e-05,6.468305437130751e-05,0.07594770164945265,6.46830539951237e-05,6.468305427114353e-05,6.468305396771633e-05,6.468305430311245e-05,0.05012641747217522,0.017464019804118335,6.468305376396267e-05,0.39067776039570756,6.468305410015008e-05,0.46481385486711707,6.468305456708627e-05
1245,13,0.00018050541668317057,0.0001805054179960913,0.0001805054178236098,0.00018050541783088092,0.00018050541703613863,0.00018050541705883868,0.3608332672797428,0.00018050541794809862,0.00018050541860794865,0.0001805054187822577,0.00018050541847207572,0.00018050541749259203,0.00018050541873352249,0.0001805054183701858,0.000180505417618956,0.00018050541702593933,0.6359176351969951,0.00018050541831313982,0.00018050541948332174,0.0001805054179853243
1245,14,7.451564854012648e-05,7.451564937648558e-05,7.451564961524822e-05,7.451565017878753e-05,7.451564946348729e-05,7.451564943137692e-05,7.451565017725166e-05,7.451564945842499e-05,7.451564985096562e-05,7.451565026294465e-05,7.451564968297982e-05,7.45156496942753e-05,7.451564990143372e-05,7.45156495878625e-05,7.451565020721683e-05,7.45156493149093e-05,0.692567085393022,7.451565001389887e-05,0.3060916329122806,7.451564993970615e-05
1245,15,5.30785566184137e-05,5.3078557308444364e-05,5.307855724456194e-05,5.307855702371502e-05,5.3078556955613765e-05,5.3078556885091984e-05,5.3078557396167534e-05,5.307855702564816e-05,5.307855742641373e-05,5.3078557275203e-05,5.307855734845131e-05,5.3078557188870884e-05,0.03416284878153864,5.307855741047585e-05,5.307855715858553e-05,5.30785573960693e-05,0.4555286527742985,5.307855733438117e-05,0.5094061629717421,5.307855742460785e-05
1245,16,7.256894086053517e-05,7.256894176772462e-05,7.256894170803803e-05,7.256894132572215e-05,7.256894136489072e-05,7.256894134130456e-05,7.256894183196391e-05,7.256894142106482e-05,0.02540340559657778,7.256894182976339e-05,7.256894190588891e-05,7.256894162980421e-05,7.256894201420812e-05,7.256894203824807e-05,7.256894188486886e-05,7.256894145625344e-05,0.5898416599318476,7.256894194490126e-05,0.38352126246345275,7.256894179684681e-05
1245,17,6.98324027511369e-05,6.983240348832063e-05,6.983240365387414e-05,6.983240359225999e-05,6.983240374636543e-05,6.983240308834163e-05,6.983240406641838e-05,6.98324035275927e-05,0.34345690768227527,6.983240327572136e-05,6.983240334483051e-05,6.983240345670532e-05,6.983240365895216e-05,6.983240357574645e-05,6.983240339313878e-05,6.983240357981625e-05,0.25410229799215306,6.983240317450659e-05,0.3793762268367439,0.02194724903345417
1245,18,3.24254217671785e-05,3.242542221277574e-05,3.242542223492518e-05,3.242542202377256e-05,3.242542194975601e-05,3.242542178802613e-05,3.242542222830847e-05,3.24254220015554e-05,3.242542220896115e-05,3.242542247900433e-05,3.2425422382720924e-05,3.24254222826995e-05,3.242542225770021e-05,3.242542226273993e-05,0.0060597247109241996,3.242542212423135e-05,0.9721908298892804,3.242542238716912e-05,0.021198213222995817,3.242542220787509e-05
1245,19,0.0001412429384400082,0.00014124294084115658,0.0001412429402320456,0.00014124293960211847,0.00014124293983013592,0.000141242939525325,0.00014124293944392584,0.0001412429390268167,0.00014124294015975894,0.00014124294037666635,0.00014124294035055513,0.00014124294034598226,0.0001412429401459179,0.0001412429407965141,0.0001412429397595443,0.00014124294002199853,0.9973163841400342,0.0001412429403083606,0.00014124294113428276,0.00014124293962463843
1245,20,7.002801159425756e-05,7.002801230853343e-05,7.002801247350038e-05,7.00280120933734e-05,7.002801180077801e-05,7.002801192127315e-05,7.002801236375198e-05,7.002801209421476e-05,7.00280126552207e-05,7.002801272736938e-05,7.002801253696156e-05,7.002801244557054e-05,7.002801219162643e-05,7.002801234658761e-05,7.002801275092191e-05,7.00280117853355e-05,0.9986694677654727,7.002801330131251e-05,7.002801282772517e-05,7.002801230887496e-05
1245,21,7.763975204955935e-05,7.763975296182231e-05,7.763975354447688e-05,7.763975243595323e-05,7.76397525212192e-05,7.763975236156964e-05,7.763975395044093e-05,7.763975292951734e-05,7.763975374095006e-05,7.763975303365757e-05,7.763975284657617e-05,7.763975337150462e-05,7.763975302800331e-05,0.06761268535882242,7.7639753439073e-05,7.763975246602713e-05,0.7445391726145082,7.763975390622267e-05,0.18652826622542826,7.763975265474812e-05
1245,22,7.836990656247335e-05,7.836990719922578e-05,7.836990747544027e-05,7.836990740776509e-05,7.836990951870057e-05,7.836990662478605e-05,7.836990712061426e-05,7.836990699225423e-05,7.836990786977646e-05,7.836990714099608e-05,7.836990733974538e-05,7.836990738210329e-05,7.836990698409062e-05,7.836990760966967e-05,7.83699071469407e-05,7.83699066724399e-05,0.7970630294574261,7.836990746225692e-05,0.20152631220835585,7.836990970885974e-05
1245,23,7.987220479014876e-05,7.987220610131288e-05,7.987220569116765e-05,7.98722054568042e-05,7.98722056637878e-05,7.98722055415046e-05,7.987220581428191e-05,7.987220644873538e-05,7.987220593206017e-05,7.987220706091863e-05,7.987220607218725e-05,7.987220586332413e-05,7.98722062219324e-05,7.987220596641836e-05,7.987220614000267e-05,7.987220535108699e-05,0.912716742480373,7.98722058630318e-05,0.08584555781357509,7.98722060732299e-05
1245,24,3.563791899366375e-05,3.563791928228656e-05,3.5637919459241076e-05,3.563791930353722e-05,3.5637919308236704e-05,3.5637919152562484e-05,3.563791946182075e-05,3.563791919273189e-05,3.563791960441609e-05,3.5637919445420764e-05,3.563791934524182e-05,3.5637919386571246e-05,3.5637919554137037e-05,3.563791948253359e-05,3.5637919395644765e-05,3.563791920050535e-05,0.9604887338946896,3.5637919393499386e-05,0.038869783556830795,3.5637919517541066e-05
1245,25,8.130081331604638e-05,8.13008144796463e-05,8.130081444587554e-05,8.130081408036345e-05,8.130081398575107e-05,8.130081373722497e-05,8.130081427790003e-05,8.130081370972335e-05,8.130081487303953e-05,8.130081434703177e-05,8.130081455390864e-05,8.130081426123476e-05,0.018819750503547616,8.13008143228135e-05,8.130081410011718e-05,8.130081653058864e-05,0.9458725518729887,8.13008144347102e-05,8.130081489481974e-05,0.033925583779113005
1245,26,3.813882565934272e-05,3.81388258965505e-05,3.813882607145741e-05,3.813882594900146e-05,3.813882587408739e-05,3.813882581693505e-05,3.8138826106836875e-05,3.813882579522054e-05,3.813882613313987e-05,3.8138826162570606e-05,3.813882609444717e-05,3.8138826226497856e-05,3.813882612735735e-05,3.81388260733491e-05,3.813882616224404e-05,3.8138825758356245e-05,0.6222040623349607,3.813882665424469e-05,0.37710943879644443,3.813882603317012e-05
1245,27,4.8638132515542645e-05,4.8638133086132546e-05,4.8638133069951967e-05,4.8638132922975934e-05,4.863813318913425e-05,4.863813296628227e-05,4.8638133326701314e-05,4.8638133348768934e-05,4.863813352632561e-05,4.863813330048011e-05,4.863813329337869e-05,4.863813304528602e-05,4.863813368454201e-05,4.863813334138337e-05,4.8638133035312886e-05,4.863813294886074e-05,0.4038996810115416,4.863813317485111e-05,0.5952248325912047,4.86381334777065e-05
1245,28,6.180469748857522e-05,6.180469814350249e-05,6.180469842307978e-05,6.180469802321135e-05,6.180469793932783e-05,6.180469772365894e-05,6.180469843189662e-05,6.180469797251473e-05,6.180469830814932e-05,6.180469853479059e-05,6.180469839415503e-05,6.180469814833387e-05,6.180469833725511e-05,6.180469842249857e-05,6.180469803551332e-05,6.180469819288711e-05,0.9988257107340494,6.180469847220017e-05,6.180469867392386e-05,6.180469828509589e-05
1245,29,6.765899907138662e-05,6.76589996619593e-05,6.765899953077112e-05,6.765899934048053e-05,6.765899963316485e-05,6.765899917381517e-05,6.765899964758763e-05,6.765899939976013e-05,6.765900012067524e-05,6.765899977384643e-05,6.765899963213563e-05,6.765899948739469e-05,6.765899964162258e-05,0.7720131728567966,6.765899965530174e-05,6.765899928881781e-05,0.2267689651508921,6.765899979581146e-05,6.765899997425231e-05,6.765899948260362e-05
1245,30,8.291874034090564e-05,8.291874127356184e-05,8.291874106514297e-05,8.291874113920813e-05,8.291874060256304e-05,8.291874057448156e-05,8.291874231485521e-05,8.291874098251915e-05,0.16929753827470229,8.29187416738315e-05,8.29187411775508e-05,8.291874194290677e-05,8.291874148136445e-05,8.291874280644687e-05,8.291874138010686e-05,8.2918740610806e-05,0.569403963925588,8.291874133934252e-05,0.25988887919759435,8.29187414098653e-05
1245,31,3.785011374344372e-05,3.785011415436953e-05,3.785011418507091e-05,3.785011412367819e-05,3.785011403697018e-05,3.785011395979893e-05,3.7850114362304984e-05,3.785011440816359e-05,3.7850114507345803e-05,3.785011459604835e-05,3.7850114295150626e-05,3.785011416373606e-05,3.785011448499221e-05,3.785011430380498e-05,3.785011443671241e-05,3.785011397845014e-05,0.7617867823879194,0.008074210836683495,0.22949555483343576,3.7850114221295317e-05
1245,32,4.139072881550601e-05,4.1390729126662e-05,4.1390729226673236e-05,4.1390729073286865e-05,4.139072942798766e-05,4.139072903797871e-05,4.139072922280449e-05,4.139072897241313e-05,0.27181691414327663,4.139072914834862e-05,4.139072917366388e-05,4.139072924728012e-05,4.139072926740248e-05,4.139072932977641e-05,4.139072901080164e-05,4.139072907845717e-05,0.45600951233076176,4.139072906181857e-05,0.2714699311306101,4.139072913075809e-05
1245,33,3.9904230019627724e-05,3.990423044560327e-05,3.990423050704257e-05,3.990423037970971e-05,3.990423032135501e-05,3.990423027437424e-05,3.990423054871233e-05,3.990423040213307e-05,0.9992418196154336,3.990423067775202e-05,3.9904230490865254e-05,3.9904230513681706e-05,3.9904230495352266e-05,3.990423051839717e-05,3.990423052865804e-05,3.9904230389692177e-05,3.990423640052108e-05,3.9904230592148535e-05,3.990423066199119e-05,3.9904230398966306e-05
1245,34,0.0001250000008516701,0.0001250000023773805,0.00012500000247443944,0.00012500000184177156,0.00012500000160363793,0.00012500000159873926,0.00012500000308753324,0.0001250000018125411,0.00012500000268095038,0.00012500000347182293,0.0001250000022000305,0.00012500000286282004,0.0001250000023698559,0.00012500000206939446,0.00012500000190050927,0.0001250000017950191,0.9976249999560813,0.00012500000256300187,0.0001250000038804073,0.00012500000247702442
4368,1,0.0001930501938734789,0.9963320462803973,0.00019305019637315618,0.0001930501955830206,0.00019305019469598124,0.0001930501945114109,0.00019305019587934015,0.0001930501953606209,0.0001930501963027298,0.00019305019657752984,0.00019305019636198147,0.00019305019564114633,0.00019305019599269322,0.000193050196491213,0.00019305019540186364,0.0001930501944223363,0.00019305019613256833,0.00019305019575688003,0.00019305019879075814,0.00019305019545394375
4368,2,0.00022123893915118286,0.30626435783910694,0.0002212389422036,0.00022123894099307725,0.00022123894462822393,0.00022123894087917916,0.00022123894212692353,0.00022123894007347597,0.00022123894116472372,0.00022123894407906746,0.00022123894406737856,0.00022123894303460625,0.00022123894176921406,0.0002212389431371998,0.00022123894288693475,0.00022123894171945734,0.00022123894265811095,0.03098811512705162,0.6589864650161813,0.0002212389430877979
4368,3,0.00015625000125416618,0.045703340660191126,0.0001562500039586801,0.00015625000169799995,0.00015625000153026862,0.0001562500019338007,0.00015625000434480477,0.00015625000149782905,0.0001562500033678502,0.00015625000607609425,0.00015625000346182884,0.00015625000267802585,0.0001562500026497478,0.0001562500036007192,0.00015625000225147427,0.00015625000285255763,0.0001562500037963907,0.0001562500040422479,0.9514841592854294,0.0001562500033848083
4368,4,0.000176056339088026,0.05019792790289805,0.00017605634228806566,0.00017605634104495173,0.00017605634002980505,0.0001760563416384418,0.00017605634206384533,0.00017605634027883032,0.000176056341325832,0.00017605634266206152,0.00017605634166603323,0.00017605634158478995,0.00017605634089234035,0.10153857769220713,0.0001760563417439189,0.00017605634157791657,0.1035305078283452,0.0337404933206112,0.7083516481353599,0.0001760563426937215
4368,5,0.0002450980397102125,0.00024509804401801223,0.00024509804427325543,0.00024509804359808127,0.0002450980419282803,0.00024509804214104956,0.00024509804374756993,0.00024509804430780625,0.0002450980425254536,0.00024509804397370284,0.0002450980441763292,0.00024509804452590045,0.0002450980429755045,0.000245098043832083,0.024442642999572085,0.00024509804222913964,0.5221952046603261,0.00024509804386509533,0.4491954856028396,0.0002450980454346987
4368,6,9.708737906582447e-05,0.12815502440488938,9.708738059004021e-05,9.708737977070314e-05,9.708737973217995e-05,9.70873803500139e-05,9.708738042445569e-05,9.708738018149439e-05,9.708738045307964e-05,9.708738119509293e-05,9.708738094044343e-05,9.70873811887623e-05,9.708738042820246e-05,0.08050459623397155,0.0110604726362078,9.708738018060911e-05,0.06551220181919386,9.708738133850277e-05,0.7133113941991295,9.708738076855196e-05
4368,7,0.0001865671655688896,0.00018656716735350424,0.04726105680773943,0.0001865671674802232,0.00018656716578697226,0.0001865671656083445,0.0001865671674490545,0.0001865671666334246,0.00018656716733483395,0.1432645293808401,0.00018656717013286605,0.00018656716925489957,0.00018656716814780447,0.00018656716883815006,0.00018656716698856545,0.00018656716633216685,0.00018656716801053856,0.00018656716744976665,0.8063027719660228,0.00018656716702771304
4368,8,0.00029411764836111934,0.0002941176522402462,0.9944117646181801,0.0002941176508941197,0.00029411765052111906,0.00029411765020214336,0.00029411765213004174,0.0002941176525416853,0.0002941176524669597,0.0002941176513181967,0.00029411765378475316,0.0002941176514430331,0.0002941176538456846,0.00029411765264706225,0.0002941176506484902,0.0002941176507291288,0.00029411765256884807,0.0002941176504515288,0.0002941176532143484,0.0002941176518113399
4368,9,0.0001190476195569595,0.00011904762068067762,0.1275309019651027,0.00011904762073339325,0.0001190476206682322,0.0001190476205630875,0.00011904762120871819,0.00011904762034707697,0.00011904762138486914,0.07064409673426995,0.00011904762221665019,0.00011904762124988751,0.00011904762101415553,0.00011904762149569504,0.00011904762088545778,0.05895423029501538,0.00011904762136843502,0.00011904762182143104,0.7409660090690009,0.00011904762141640695
4368,10,0.0002577319602147474,0.0002577319636739616,0.304543758299751,0.00025773196251908405,0.0002577319641717238,0.0002577319612167359,0.0002577319635184282,0.00025773196272571336,0.0002577319659496232,0.00025773196347996674,0.11079972590305506,0.0002577319641372447,0.0002577319632618463,0.00025773196490316163,0.00025773196251413163,0.0002577319652540162,0.0002577319657668768,0.00025773196479096975,0.5802750724149887,0.0002577319641072417
4368,11,0.00013020833400541717,0.00013020833601280974,0.00013020833592568116,0.0001302083357286958,0.00013020833491617475,0.00013020833446633002,0.00013020833638844765,0.0001302083348297448,0.00013020833563942387,0.00013020833528083704,0.00013020833604375422,0.00013020833612939378,0.0001302083358501592,0.00013020833549554306,0.0001302083359571964,0.713237370076542,0.00013020833617348693,0.00013020833632366668,0.2844188798829498,0.00013020833534136756
4368,12,0.001000000003583778,0.0010000000169459666,0.001000000026495914,0.001000000018384532,0.0010000000123081118,0.0010000000120323957,0.44230325563588707,0.0010000000073446397,0.0010000000204629595,0.06494973802995484,0.0010000000207255944,0.0010000000146237124,0.0010000000171984757,0.0010000000129201296,0.001000000015814662,0.001000000009230361,0.0010000000194089428,0.0010000000215477348,0.4757470060537071,0.0010000000314230905
4368,13,0.00013089005313575932,0.0001308900539630727,0.00013089005480675193,0.00013089005446747888,0.00013089005398356657,0.9679358566925548,0.00013089005447029388,0.00013089005381460486,0.00013089005407612266,0.029708122331130616,0.0001308900543516961,0.00013089005449705492,0.00013089005422076854,0.00013089005446995376,0.00013089005442536316,0.00013089005350200517,0.00013089005441433885,0.00013089005495137208,0.00013089005487651646,0.0001308900538879179
4368,14,0.00024630542146546674,0.0002463054212158463,0.995320196978081,0.00024630542159120953,0.0002463054226531581,0.00024630542393274155,0.0002463054219211366,0.00024630542085459097,0.000246305422271517,0.0002463054225751975,0.00024630542310761334,0.0002463054228390627,0.00024630542211242736,0.00024630542189765374,0.0002463054225391593,0.0002463054210696026,0.00024630542283105505,0.0002463054228620828,0.0002463054231479969,0.0002463054210314974
4368,15,0.0002702702730841925,0.0002702702753197989,0.16736576889014176,0.0002702702737952132,0.0002702702736518866,0.08426076385456162,0.0002702702745436294,0.00027027027400735064,0.0002702702742542021,0.00027027027502032035,0.0002702702777411013,0.0002702702759543927,0.00027027027516097183,0.00027027027566255694,0.00027027027473123085,0.0002702702723367983,0.0002702702751567445,0.0002702702761471521,0.7437788725851403,0.0002702702735886703
4368,16,0.00011737089347883159,0.00011737089421380809,0.00011737089501167938,0.00011737089398678603,0.00011737089357642226,0.00011737089557987955,0.00011737089429918281,0.0001173708936891254,0.000117370894371794,0.00011737089440895846,0.02199891580053668,0.00011737089478192639,0.00011737089429109893,0.23973960342856832,0.0001173708939192634,0.00011737089323518864,0.00011737089458209573,0.00011737089488906416,0.736266175568679,0.00011737089390082677
4368,17,0.9918103447358374,0.0004310344867650653,0.00043103448825614825,0.00043103448758944967,0.0004310344873647821,0.0004310344866142802,0.0004310344880406825,0.00043103448623183817,0.0004310344883616298,0.0004310344884594565,0.00043103448764808723,0.00043103448743708837,0.0004310344881279338,0.0004310344879744694,0.00043103448640094996,0.00043103448683367657,0.000431034488271476,0.0004310344881841673,0.0004310344890931453,0.0004310344865083238
